First line.
Second line.
112
360
114
476
300
479
478
341
365
458
157
461
268
446
464
213
112
463
337
282
301
237
36
71
482
444
441
128
47
310
245
364
315
109
35
244
261
176
84
95
333
321
445
378
304
153
3
362
386
220
367
247
141
235
398
333
453
449
187
292
212
144
445
213
347
18
259
415
160
359
434
45
443
42
256
353
308
123
79
17
33
285
174
5
414
416
112
26
167
479
414
57
222
99
166
278
310
430
17
258
459
468
486
323
412
344
16
435
130
415
445
178
167
489
320
259
393
34
202
251
359
233
273
77
307
206
145
272
83
444
279
209
430
249
478
247
421
158
286
2
61
45
377
373
276
293
202
153
221
229
354
312
76
235
271
203
97
384
102
127
473
487
183
340
233
207
305
25
218
388
400
114
471
342
289
324
337
187
358
362
457
3
11
131
101
125
405
5
315
449
424
495
412
27
485
353
308
116
355
90
427
468
57
384
298
139
19
191
329
385
439
202
150
59
224
252
203
269
436
420
490
185
270
386
412
285
103
25
135
10
396
110
45
228
204
26
226
364
354
463
162
339
76
157
10
373
373
225
63
378
111
5
290
114
160
82
332
221
208
101
243
335
40
182
364
489
441
125
127
214
246
183
320
406
212
349
339
23
91
163
34
492
232
245
375
360
247
487
40
375
439
335
207
64
211
378
462
133
363
98
352
297
387
423
446
194
459
129
104
35
393
284
98
40
293
430
488
496
423
273
261
219
121
307
500
223
191
310
94
414
342
54
483
104
3
375
256
64
297
73
120
133
244
197
183
131
285
356
191
39
463
142
44
396
167
163
68
124
176
465
235
315
268
154
197
81
459
317
190
324
184
170
284
426
466
377
436
397
14
405
133
429
229
177
222
424
31
43
270
180
97
333
401
63
476
247
263
448
109
425
269
471
111
154
153
121
107
202
271
168
193
316
453
459
244
426
345
383
374
370
490
131
416
194
111
86
350
262
392
272
400
141
181
15
171
127
194
101
273
206
83
188
456
181
73
487
215
325
270
170
440
401
220
232
392
289
294
343
165
266
299
374
433
231
37
368
82
317
233
120
238
73
177
170
2
34
334
438
12
292
279
406
315
96
13
203
117
148
110
376
381
84
207
300
68
104
312
276
63
479
